-80	-44	63
-77	-76	35
-79	-97	-7
-75	-106	-39
-50	-125	-45
-11	-135	-45
21	-135	-22
23	-119	8
23	-82	35
-3	-64	62
-53	-64	95
-111	-81	105
-160	-103	105
-165	-117	88
-165	-128	51
-130	-128	30
-71	-122	25
-24	-94	25
1	-62	31
1	-62	37
-1	-73	43
-30	-135	44
-64	-213	44
-73	-249	38
-73	-249	30
-47	-243	30
5	-215	31
72	-200	43
140	-200	56
181	-199	56
189	-205	52
189	-212	26
180	-217	-15
180	-229	-62
184	-245	-114
206	-263	-167
244	-273	-214
296	-273	-260
352	-267	-312
398	-247	-377
425	-227	-459
429	-214	-554
429	-214	-659
423	-210	-766
420	-205	-878
420	-194	-999
427	-182	-1126
425	-162	-1252
423	-140	-1368
406	-115	-1477
377	-106	-1576
352	-101	-1661
323	-94	-1721
287	-62	-1756
238	17	-1759
188	132	-1759
138	228	-1739
86	292	-1697
18	310	-1651
-65	310	-1609
-167	301	-1565
-276	260	-1504
-394	217	-1410
-509	177	-1280
-622	177	-1111
-720	182	-906
-802	242	-669
-857	344	-412
-891	422	-144
-917	446	128
-948	446	387
-976	428	626
-996	412	849
-1013	412	1064
-1042	423	1276
-1075	458	1476
-1101	483	1652
-1101	483	1791
-1096	467	1879
-1083	416	1900
-1040	341	1900
-1025	266	1855
-1015	181	1765
-1015	88	1655
-1050	0	1547
-1077	-72	1442
-1083	-72	1336
-1083	-62	1214
-1042	24	1058
-974	127	860
-903	162	630
-834	162	379
-763	122	119
-684	71	-154
-618	58	-434
-552	58	-694
-492	63	-910
-417	63	-1080
-348	54	-1225
-271	0	-1366
-192	-84	-1503
-111	-164	-1625
-30	-222	-1684
50	-249	-1684
163	-260	-1652
297	-284	-1521
437	-313	-1333
554	-346	-1107
659	-361	-866
765	-375	-624
879	-398	-401
988	-438	-204
1076	-488	-22
1149	-508	148
1191	-508	297
1234	-487	418
1249	-437	518
1249	-410	609
1226	-401	689
1131	-392	741
966	-382	755
758	-367	755
541	-349	738
341	-340	701
166	-324	658
2	-304	621
-154	-279	596
-306	-245	578
-461	-179	552
-620	-85	508
-785	11	455
-949	93	406
-1096	145	387
-1213	180	387
-1293	210	402
-1374	265	416
-1425	366	416
-1466	449	406
-1476	483	364
-1499	483	311
-1539	450	253
-1593	407	202
-1617	387	164
-1617	386	141
-1612	386	109
-1569	403	53
-1551	403	-41
-1535	392	-154
-1505	340	-257
-1479	247	-330
-1353	161	-375
-1146	103	-400
-885	76	-412
-604	56	-428
-301	28	-464
-3	-32	-532
271	-130	-616
505	-244	-696
694	-321	-757
843	-345	-795
975	-345	-816
1123	-328	-824
1300	-307	-829
1499	-299	-831
1684	-299	-834
1830	-311	-838
1936	-330	-851
2018	-372	-867
2068	-434	-874
2073	-452	-874
2073	-452	-867
2036	-396	-854
2006	-272	-854
1991	-155	-857
1982	-87	-873
1977	-87	-897
1943	-89	-897
1868	-160	-897
1736	-214	-861
1555	-214	-800
1349	-183	-741
1149	-62	-693
976	70	-647
839	153	-604
719	165	-571
587	165	-539
427	120	-488
249	55	-398
61	22	-283
-129	22	-165
-331	24	-48
-535	24	69
-721	20	192
-863	-21	320
-955	-34	452
-1025	-34	584
-1112	28	688
-1238	148	743
-1393	243	743
-1533	289	743
-1560	309	694
-1560	329	620
-1448	331	552
-1208	331	507
-939	313	467
-680	276	391
-462	223	276
-274	148	145
-96	66	22
99	21	-83
300	21	-170
478	35	-249
603	81	-332
675	121	-426
684	121	-523
684	121	-620
652	98	-714
598	54	-805
537	-4	-886
456	-62	-950
359	-88	-987
265	-88	-993
189	-78	-993
121	-46	-974
39	11	-951
-71	85	-941
-207	146	-941
-356	156	-944
-503	156	-945
-629	124	-945
-720	72	-919
-787	49	-861
-860	49	-782
-966	55	-696
-1104	82	-599
-1244	96	-483
-1353	98	-359
-1436	103	-237
-1492	112	-126
-1529	130	-15
-1579	164	97
-1629	227	221
-1687	304	351
-1690	377	469
-1690	424	565
-1660	424	634
-1623	422	697
-1591	416	764
-1568	416	841
-1541	409	928
-1477	419	1022
-1372	419	1105
-1254	401	1177
-1160	374	1239
-1085	348	1302
-1017	309	1353
-909	234	1387
-750	106	1413
-528	-48	1455
-272	-187	1534
-12	-238	1632
235	-238	1726
452	-223	1757
651	-223	1757
823	-229	1701
972	-327	1563
1092	-488	1390
1191	-626	1224
1282	-676	1074
1375	-676	939
1460	-660	809
1514	-617	669
1514	-605	508
1513	-603	319
1457	-600	106
1372	-601	-104
1263	-601	-296
1134	-569	-456
980	-509	-581
823	-394	-674
677	-245	-743
546	-87	-799
430	44	-844
321	148	-891
210	245	-956
97	323	-1072
-14	336	-1247
-119	336	-1463
-214	286	-1684
-303	209	-1871
-398	174	-2008
-509	174	-2082
-631	191	-2095
-739	250	-2095
-805	316	-2057
-806	370	-1988
-806	384	-1909
-772	384	-1836
-730	360	-1767
-723	322	-1704
-723	295	-1642
-739	295	-1579
-740	298	-1499
-740	297	-1400
-689	295	-1285
-582	278	-1165
-448	230	-1054
-322	173	-958
-223	148	-872
-157	148	-785
-111	167	-694
-79	209	-609
-56	224	-537
-39	224	-477
-14	225	-414
19	225	-342
53	255	-267
75	317	-194
82	365	-132
82	365	-89
72	347	-80
44	279	-80
12	200	-97
-15	169	-109
-15	169	-109
-13	185	-103
21	204	-82
80	204	-68
125	185	-59
125	126	-57
124	93	-51
81	93	-44
20	102	-36
-26	133	-32
-40	134	-30
-40	134	-28
-24	97	-16
11	59	4
40	52	36
43	52	65
43	95	78
21	142	78
-5	168	72
-8	168	64
-8	142	64
15	118	68
60	118	92
113	130	123
158	180	156
180	214	179
180	217	179
